c Instance Type h
c
n 600
c w	 v1	 v2
i 620	 724 	 979 
i 997	 668 	 123 
i 840	 263 	 398 
i 385	 849 	 577 
i 357	 816 	 815 
i 519	 591 	 368 
i 754	 194 	 490 
i 783	 780 	 264 
i 604	 560 	 902 
i 443	 381 	 677 
i 423	 2 	 734 
i 546	 998 	 458 
i 943	 839 	 127 
i 520	 225 	 389 
i 336	 582 	 239 
i 703	 101 	 55 
i 193	 854 	 645 
i 457	 637 	 839 
i 360	 242 	 620 
i 38	 684 	 181 
i 771	 108 	 561 
i 230	 653 	 563 
i 357	 597 	 561 
i 745	 118 	 401 
i 984	 453 	 625 
i 39	 156 	 207 
i 684	 349 	 308 
i 524	 805 	 163 
i 144	 166 	 800 
i 324	 203 	 42 
i 885	 973 	 726 
i 448	 204 	 833 
i 10	 560 	 487 
i 410	 306 	 84 
i 35	 290 	 201 
i 242	 329 	 653 
i 550	 13 	 809 
i 713	 536 	 158 
i 513	 680 	 963 
i 555	 4 	 130 
i 281	 888 	 332 
i 115	 337 	 306 
i 601	 346 	 509 
i 684	 755 	 70 
i 885	 790 	 375 
i 538	 33 	 665 
i 347	 582 	 993 
i 505	 295 	 7 
i 469	 808 	 543 
i 598	 363 	 223 
i 929	 644 	 227 
i 236	 759 	 116 
i 744	 361 	 452 
i 814	 45 	 798 
i 189	 930 	 554 
i 854	 468 	 344 
i 848	 815 	 376 
i 855	 321 	 958 
i 398	 790 	 254 
i 621	 388 	 62 
i 848	 318 	 425 
i 964	 553 	 70 
i 417	 298 	 828 
i 215	 112 	 190 
i 768	 301 	 235 
i 113	 155 	 165 
i 489	 4 	 632 
i 447	 858 	 448 
i 701	 257 	 768 
i 762	 878 	 558 
i 188	 727 	 946 
i 257	 691 	 265 
i 86	 108 	 817 
i 275	 323 	 116 
i 509	 91 	 227 
i 674	 204 	 527 
i 306	 692 	 682 
i 754	 140 	 686 
i 522	 840 	 545 
i 81	 603 	 802 
i 27	 791 	 680 
i 291	 49 	 408 
i 109	 135 	 99 
i 224	 410 	 207 
i 451	 919 	 529 
i 977	 593 	 619 
i 660	 898 	 823 
i 346	 652 	 515 
i 891	 175 	 655 
i 693	 255 	 496 
i 374	 282 	 100 
i 781	 573 	 890 
i 879	 682 	 938 
i 86	 905 	 74 
i 615	 356 	 483 
i 235	 334 	 402 
i 58	 994 	 994 
i 573	 340 	 893 
i 228	 231 	 546 
i 724	 924 	 720 
i 823	 298 	 975 
i 713	 79 	 258 
i 652	 958 	 831 
i 725	 45 	 513 
i 209	 659 	 419 
i 610	 893 	 775 
i 605	 950 	 109 
i 498	 523 	 103 
i 44	 751 	 443 
i 764	 475 	 674 
i 740	 298 	 598 
i 997	 12 	 895 
i 828	 664 	 974 
i 342	 390 	 932 
i 760	 598 	 976 
i 535	 209 	 636 
i 644	 813 	 529 
i 747	 312 	 480 
i 191	 356 	 3 
i 864	 120 	 754 
i 463	 860 	 230 
i 359	 857 	 527 
i 333	 686 	 539 
i 266	 29 	 204 
i 243	 788 	 594 
i 878	 324 	 193 
i 408	 967 	 401 
i 887	 715 	 215 
i 890	 905 	 527 
i 644	 770 	 882 
i 873	 233 	 3 
i 401	 591 	 862 
i 940	 924 	 720 
i 145	 191 	 407 
i 738	 433 	 435 
i 930	 312 	 224 
i 332	 720 	 547 
i 546	 607 	 515 
i 73	 498 	 230 
i 955	 143 	 136 
i 957	 17 	 905 
i 820	 418 	 138 
i 540	 358 	 729 
i 946	 502 	 654 
i 382	 241 	 844 
i 605	 171 	 278 
i 152	 502 	 590 
i 667	 49 	 310 
i 897	 122 	 917 
i 33	 77 	 415 
i 937	 35 	 558 
i 76	 854 	 574 
i 805	 394 	 991 
i 459	 341 	 350 
i 304	 722 	 852 
i 582	 328 	 93 
i 172	 480 	 263 
i 482	 147 	 765 
i 399	 44 	 813 
i 814	 77 	 934 
i 372	 15 	 11 
i 945	 90 	 45 
i 937	 895 	 899 
i 287	 355 	 294 
i 139	 658 	 634 
i 232	 241 	 357 
i 495	 412 	 684 
i 260	 893 	 165 
i 73	 293 	 311 
i 8	 108 	 355 
i 19	 479 	 431 
i 64	 425 	 445 
i 962	 362 	 535 
i 256	 648 	 430 
i 890	 787 	 784 
i 248	 19 	 443 
i 932	 513 	 683 
i 97	 773 	 95 
i 407	 845 	 988 
i 761	 853 	 282 
i 193	 871 	 389 
i 637	 934 	 868 
i 173	 897 	 293 
i 602	 153 	 654 
i 386	 43 	 303 
i 829	 291 	 91 
i 512	 223 	 109 
i 607	 319 	 622 
i 595	 726 	 395 
i 877	 488 	 241 
i 266	 680 	 94 
i 134	 318 	 965 
i 427	 490 	 899 
i 82	 92 	 797 
i 384	 478 	 949 
i 474	 307 	 992 
i 583	 819 	 283 
i 205	 426 	 506 
i 599	 22 	 824 
i 840	 898 	 550 
i 933	 165 	 38 
i 899	 299 	 718 
i 799	 725 	 36 
i 596	 806 	 525 
i 546	 191 	 617 
i 538	 664 	 96 
i 821	 248 	 403 
i 327	 452 	 222 
i 152	 52 	 648 
i 701	 891 	 669 
i 739	 825 	 567 
i 457	 724 	 731 
i 493	 523 	 30 
i 19	 120 	 755 
i 636	 665 	 562 
i 731	 204 	 752 
i 135	 25 	 417 
i 357	 352 	 664 
i 5	 504 	 116 
i 674	 206 	 168 
i 241	 944 	 59 
i 972	 402 	 884 
i 3	 894 	 609 
i 757	 912 	 133 
i 319	 548 	 252 
i 72	 280 	 916 
i 488	 415 	 121 
i 152	 772 	 145 
i 268	 776 	 497 
i 435	 450 	 1 
i 494	 691 	 206 
i 378	 663 	 151 
i 987	 665 	 552 
i 120	 423 	 446 
i 372	 742 	 359 
i 289	 813 	 906 
i 409	 301 	 187 
i 554	 453 	 601 
i 52	 720 	 373 
i 53	 155 	 150 
i 259	 648 	 600 
i 409	 27 	 291 
i 961	 15 	 954 
i 407	 135 	 619 
i 766	 506 	 43 
i 672	 795 	 784 
i 859	 204 	 598 
i 460	 757 	 899 
i 832	 809 	 352 
i 982	 861 	 72 
i 582	 120 	 227 
i 872	 528 	 875 
i 827	 489 	 902 
i 447	 896 	 916 
i 489	 662 	 51 
i 274	 335 	 557 
i 871	 194 	 352 
i 770	 654 	 556 
i 123	 487 	 314 
i 194	 469 	 123 
i 421	 51 	 983 
i 296	 923 	 103 
i 198	 750 	 631 
i 115	 197 	 121 
i 166	 686 	 18 
i 722	 960 	 680 
i 75	 831 	 15 
i 630	 602 	 209 
i 943	 724 	 862 
i 66	 918 	 350 
i 50	 340 	 818 
i 152	 635 	 868 
i 783	 833 	 792 
i 903	 947 	 543 
i 920	 114 	 740 
i 600	 835 	 426 
i 615	 909 	 386 
i 824	 539 	 218 
i 687	 483 	 820 
i 37	 548 	 544 
i 854	 597 	 463 
i 723	 749 	 802 
i 515	 533 	 438 
i 59	 436 	 272 
i 798	 357 	 220 
i 225	 957 	 333 
i 611	 573 	 168 
i 828	 397 	 78 
i 649	 85 	 617 
i 194	 121 	 100 
i 656	 975 	 647 
i 459	 698 	 245 
i 897	 214 	 994 
i 169	 272 	 527 
i 388	 71 	 962 
i 720	 295 	 320 
i 888	 906 	 278 
i 965	 734 	 850 
i 582	 384 	 248 
i 681	 577 	 332 
i 329	 233 	 452 
i 574	 692 	 427 
i 568	 589 	 126 
i 95	 758 	 339 
i 58	 146 	 611 
i 378	 866 	 681 
i 655	 754 	 976 
i 505	 720 	 882 
i 752	 302 	 617 
i 84	 983 	 1 
i 536	 313 	 577 
i 963	 886 	 810 
i 89	 454 	 503 
i 427	 549 	 92 
i 39	 606 	 850 
i 720	 984 	 995 
i 697	 639 	 861 
i 580	 145 	 616 
i 197	 897 	 336 
i 198	 981 	 638 
i 775	 517 	 621 
i 585	 480 	 934 
i 89	 568 	 820 
i 181	 995 	 275 
i 31	 35 	 823 
i 27	 754 	 430 
i 888	 452 	 414 
i 504	 32 	 54 
i 840	 228 	 198 
i 478	 426 	 95 
i 100	 201 	 76 
i 34	 786 	 593 
i 854	 874 	 74 
i 129	 55 	 642 
i 952	 86 	 638 
i 382	 112 	 672 
i 796	 999 	 427 
i 850	 503 	 878 
i 48	 343 	 909 
i 143	 821 	 138 
i 219	 920 	 563 
i 811	 953 	 763 
i 885	 807 	 550 
i 527	 936 	 425 
i 165	 888 	 480 
i 836	 271 	 565 
i 264	 68 	 676 
i 142	 917 	 676 
i 51	 965 	 179 
i 188	 108 	 522 
i 751	 326 	 343 
i 515	 138 	 264 
i 65	 24 	 217 
i 489	 550 	 25 
i 968	 715 	 961 
i 534	 552 	 849 
i 210	 815 	 121 
i 885	 956 	 188 
i 65	 7 	 106 
i 587	 195 	 71 
i 930	 945 	 178 
i 194	 460 	 504 
i 411	 525 	 642 
i 436	 15 	 665 
i 397	 982 	 216 
i 247	 517 	 930 
i 367	 726 	 482 
i 555	 612 	 297 
i 660	 677 	 253 
i 730	 264 	 260 
i 908	 195 	 455 
i 412	 388 	 401 
i 55	 798 	 861 
i 719	 235 	 386 
i 935	 631 	 400 
i 865	 877 	 383 
i 347	 245 	 900 
i 644	 799 	 627 
i 897	 460 	 239 
i 157	 190 	 916 
i 612	 99 	 181 
i 13	 510 	 375 
i 874	 565 	 763 
i 260	 285 	 562 
i 660	 220 	 796 
i 44	 85 	 427 
i 943	 432 	 305 
i 570	 76 	 550 
i 809	 973 	 349 
i 726	 131 	 808 
i 906	 742 	 998 
i 282	 755 	 97 
i 45	 629 	 607 
i 606	 889 	 172 
i 402	 550 	 456 
i 829	 594 	 676 
i 135	 538 	 760 
i 684	 109 	 193 
i 33	 918 	 269 
i 841	 644 	 242 
i 840	 551 	 372 
i 936	 832 	 115 
i 544	 876 	 869 
i 715	 483 	 498 
i 172	 884 	 388 
i 847	 714 	 937 
i 608	 848 	 532 
i 800	 533 	 70 
i 70	 566 	 178 
i 311	 407 	 96 
i 683	 247 	 740 
i 797	 184 	 291 
i 666	 727 	 123 
i 165	 443 	 999 
i 552	 615 	 482 
i 490	 463 	 367 
i 22	 71 	 81 
i 92	 871 	 929 
i 270	 940 	 462 
i 366	 251 	 28 
i 106	 933 	 435 
i 396	 731 	 681 
i 519	 397 	 865 
i 518	 562 	 593 
i 1	 115 	 37 
i 367	 604 	 651 
i 448	 626 	 114 
i 377	 718 	 185 
i 838	 987 	 56 
i 866	 354 	 996 
i 301	 459 	 247 
i 982	 855 	 181 
i 847	 375 	 912 
i 441	 893 	 309 
i 477	 893 	 871 
i 128	 260 	 985 
i 242	 707 	 590 
i 426	 85 	 217 
i 482	 922 	 934 
i 478	 788 	 922 
i 725	 90 	 276 
i 906	 72 	 735 
i 818	 919 	 590 
i 128	 360 	 965 
i 998	 836 	 858 
i 983	 964 	 751 
i 573	 206 	 12 
i 789	 632 	 718 
i 724	 114 	 803 
i 647	 592 	 725 
i 922	 317 	 514 
i 658	 223 	 603 
i 249	 42 	 675 
i 214	 169 	 594 
i 72	 167 	 953 
i 823	 151 	 789 
i 834	 723 	 754 
i 553	 513 	 959 
i 356	 238 	 591 
i 82	 884 	 705 
i 595	 807 	 297 
i 199	 465 	 613 
i 873	 714 	 836 
i 467	 927 	 877 
i 421	 999 	 47 
i 211	 822 	 213 
i 964	 656 	 363 
i 923	 209 	 87 
i 515	 564 	 600 
i 221	 646 	 838 
i 518	 241 	 722 
i 131	 440 	 530 
i 967	 314 	 995 
i 845	 781 	 709 
i 891	 202 	 637 
i 105	 412 	 636 
i 468	 376 	 458 
i 554	 300 	 115 
i 155	 815 	 323 
i 992	 37 	 887 
i 715	 554 	 533 
i 245	 685 	 774 
i 241	 652 	 215 
i 950	 498 	 528 
i 587	 389 	 309 
i 224	 494 	 510 
i 681	 961 	 922 
i 795	 516 	 299 
i 119	 670 	 599 
i 7	 663 	 414 
i 540	 378 	 450 
i 315	 623 	 4 
i 529	 864 	 689 
i 58	 814 	 341 
i 366	 402 	 839 
i 876	 625 	 228 
i 799	 306 	 722 
i 98	 102 	 683 
i 696	 221 	 200 
i 111	 228 	 870 
i 561	 767 	 533 
i 565	 83 	 911 
i 254	 611 	 535 
i 595	 668 	 399 
i 434	 35 	 214 
i 662	 911 	 615 
i 384	 710 	 240 
i 68	 808 	 546 
i 267	 504 	 647 
i 137	 615 	 868 
i 670	 176 	 96 
i 582	 740 	 863 
i 117	 993 	 945 
i 516	 589 	 556 
i 729	 23 	 225 
i 344	 684 	 260 
i 583	 68 	 171 
i 129	 136 	 881 
i 776	 402 	 689 
i 645	 539 	 193 
i 740	 210 	 808 
i 604	 791 	 983 
i 549	 908 	 724 
i 106	 424 	 717 
i 331	 153 	 307 
i 590	 497 	 329 
i 761	 80 	 13 
i 642	 209 	 81 
i 331	 985 	 217 
i 524	 630 	 618 
i 332	 371 	 158 
i 315	 974 	 368 
i 39	 524 	 160 
i 756	 629 	 68 
i 63	 959 	 492 
i 392	 549 	 645 
i 404	 310 	 142 
i 485	 952 	 221 
i 701	 283 	 430 
i 320	 806 	 415 
i 478	 139 	 46 
i 846	 454 	 417 
i 6	 493 	 392 
i 74	 249 	 915 
i 565	 312 	 544 
i 211	 703 	 503 
i 352	 108 	 53 
i 573	 593 	 363 
i 3	 295 	 315 
i 418	 615 	 597 
i 463	 93 	 404 
i 880	 938 	 543 
i 272	 944 	 996 
i 187	 18 	 489 
i 730	 583 	 738 
i 234	 793 	 50 
i 287	 145 	 753 
i 649	 717 	 861 
i 963	 720 	 454 
i 561	 138 	 749 
i 965	 601 	 364 
i 508	 481 	 456 
i 504	 753 	 395 
i 992	 939 	 339 
i 730	 670 	 357 
i 780	 903 	 939 
i 533	 190 	 733 
i 395	 839 	 878 
i 849	 802 	 596 
i 598	 363 	 316 
i 961	 329 	 454 
i 418	 836 	 56 
i 813	 340 	 537 
i 153	 332 	 290 
i 509	 63 	 229 
i 449	 842 	 899 
i 183	 376 	 802 
i 61	 770 	 992 
i 657	 620 	 831 
i 972	 218 	 634 
i 427	 180 	 997 
i 482	 598 	 326 
i 20	 412 	 162 
i 309	 564 	 501 
i 538	 74 	 833 
i 437	 522 	 895 
i 240	 705 	 738 
i 233	 765 	 114 
i 65	 423 	 884 
i 698	 395 	 504 
i 695	 822 	 722 
i 22	 305 	 902 
i 183	 324 	 500 
i 684	 632 	 911 
i 517	 171 	 475 
i 413	 607 	 549 
i 151	 847 	 72 
i 265	 81 	 776 
i 150	 145 	 542 
i 654	 842 	 964 
c
c
W 149101
c end of file