c Instance Type h
c
n 700
c w	 v1	 v2
i 118	 112 	 767 
i 972	 316 	 405 
i 904	 58 	 554 
i 7	 316 	 732 
i 989	 42 	 242 
i 252	 759 	 963 
i 648	 928 	 532 
i 276	 308 	 558 
i 47	 84 	 262 
i 329	 7 	 487 
i 97	 125 	 480 
i 501	 98 	 592 
i 56	 3 	 907 
i 787	 9 	 964 
i 30	 998 	 281 
i 993	 251 	 323 
i 526	 899 	 82 
i 84	 175 	 11 
i 346	 222 	 318 
i 832	 550 	 402 
i 313	 646 	 408 
i 904	 148 	 533 
i 812	 204 	 630 
i 777	 990 	 633 
i 58	 21 	 642 
i 380	 15 	 640 
i 462	 540 	 891 
i 472	 624 	 790 
i 790	 969 	 965 
i 192	 801 	 187 
i 600	 114 	 737 
i 133	 19 	 384 
i 763	 830 	 532 
i 397	 607 	 735 
i 39	 665 	 725 
i 678	 46 	 746 
i 570	 507 	 760 
i 360	 979 	 301 
i 325	 770 	 924 
i 512	 961 	 893 
i 249	 562 	 695 
i 633	 695 	 809 
i 165	 459 	 827 
i 899	 855 	 657 
i 625	 893 	 265 
i 371	 572 	 929 
i 132	 142 	 975 
i 432	 502 	 482 
i 357	 827 	 462 
i 251	 339 	 232 
i 945	 588 	 194 
i 755	 221 	 755 
i 582	 385 	 451 
i 240	 285 	 909 
i 505	 909 	 764 
i 435	 280 	 657 
i 410	 412 	 229 
i 891	 844 	 371 
i 354	 201 	 872 
i 585	 452 	 699 
i 778	 398 	 39 
i 534	 153 	 626 
i 984	 735 	 847 
i 893	 974 	 233 
i 658	 479 	 517 
i 316	 913 	 426 
i 545	 323 	 706 
i 915	 215 	 119 
i 788	 568 	 962 
i 487	 154 	 164 
i 525	 932 	 615 
i 152	 467 	 14 
i 998	 451 	 166 
i 232	 345 	 901 
i 748	 3 	 875 
i 175	 318 	 355 
i 881	 862 	 268 
i 999	 778 	 591 
i 962	 566 	 806 
i 126	 54 	 375 
i 741	 578 	 528 
i 755	 730 	 461 
i 921	 729 	 927 
i 822	 960 	 378 
i 697	 709 	 723 
i 52	 883 	 726 
i 320	 765 	 44 
i 911	 764 	 906 
i 717	 727 	 685 
i 92	 852 	 251 
i 620	 594 	 304 
i 81	 349 	 882 
i 8	 270 	 613 
i 386	 92 	 342 
i 109	 789 	 302 
i 834	 841 	 12 
i 878	 162 	 895 
i 785	 73 	 660 
i 471	 790 	 425 
i 722	 882 	 152 
i 27	 503 	 5 
i 909	 583 	 599 
i 522	 591 	 948 
i 863	 977 	 218 
i 166	 86 	 310 
i 177	 920 	 100 
i 72	 799 	 940 
i 731	 585 	 103 
i 157	 56 	 175 
i 308	 777 	 965 
i 313	 804 	 847 
i 911	 713 	 350 
i 859	 235 	 933 
i 78	 98 	 524 
i 388	 263 	 502 
i 487	 440 	 588 
i 428	 511 	 508 
i 530	 243 	 308 
i 705	 399 	 892 
i 670	 706 	 948 
i 518	 20 	 726 
i 867	 930 	 530 
i 801	 790 	 243 
i 326	 867 	 478 
i 827	 256 	 575 
i 415	 743 	 838 
i 923	 172 	 278 
i 231	 702 	 788 
i 124	 407 	 31 
i 73	 78 	 430 
i 798	 595 	 136 
i 329	 463 	 156 
i 572	 264 	 86 
i 50	 589 	 875 
i 625	 416 	 743 
i 463	 830 	 999 
i 741	 754 	 742 
i 529	 984 	 913 
i 560	 109 	 615 
i 989	 181 	 23 
i 126	 978 	 100 
i 281	 308 	 694 
i 367	 879 	 158 
i 243	 928 	 421 
i 986	 553 	 10 
i 985	 17 	 426 
i 727	 757 	 257 
i 641	 287 	 11 
i 257	 847 	 995 
i 279	 837 	 104 
i 378	 963 	 284 
i 73	 245 	 263 
i 230	 611 	 570 
i 651	 854 	 449 
i 660	 840 	 378 
i 87	 826 	 931 
i 343	 554 	 947 
i 354	 195 	 705 
i 349	 451 	 991 
i 452	 730 	 838 
i 735	 109 	 676 
i 997	 182 	 639 
i 567	 411 	 883 
i 17	 63 	 495 
i 394	 722 	 349 
i 325	 809 	 190 
i 273	 153 	 16 
i 977	 506 	 569 
i 969	 854 	 764 
i 808	 307 	 216 
i 484	 42 	 945 
i 124	 40 	 54 
i 7	 607 	 235 
i 502	 623 	 646 
i 850	 18 	 708 
i 40	 343 	 431 
i 56	 616 	 241 
i 624	 593 	 393 
i 388	 563 	 898 
i 604	 371 	 753 
i 549	 855 	 60 
i 603	 978 	 102 
i 838	 985 	 142 
i 484	 487 	 748 
i 193	 338 	 372 
i 624	 378 	 390 
i 864	 433 	 732 
i 257	 58 	 348 
i 156	 446 	 941 
i 909	 50 	 505 
i 968	 598 	 876 
i 71	 201 	 731 
i 212	 40 	 710 
i 960	 524 	 695 
i 332	 716 	 183 
i 721	 341 	 520 
i 454	 205 	 897 
i 802	 462 	 331 
i 744	 618 	 388 
i 249	 527 	 833 
i 125	 496 	 882 
i 856	 566 	 481 
i 566	 778 	 682 
i 262	 738 	 721 
i 444	 71 	 245 
i 964	 792 	 961 
i 861	 246 	 302 
i 193	 49 	 507 
i 580	 792 	 968 
i 414	 42 	 586 
i 296	 167 	 113 
i 777	 23 	 608 
i 459	 589 	 175 
i 180	 850 	 953 
i 425	 295 	 691 
i 386	 259 	 762 
i 687	 121 	 554 
i 194	 313 	 800 
i 163	 893 	 848 
i 748	 307 	 641 
i 861	 603 	 682 
i 470	 380 	 849 
i 645	 839 	 871 
i 598	 20 	 461 
i 289	 444 	 312 
i 52	 830 	 606 
i 605	 518 	 865 
i 405	 712 	 986 
i 254	 874 	 300 
i 894	 623 	 193 
i 576	 485 	 500 
i 425	 954 	 104 
i 297	 600 	 484 
i 758	 198 	 323 
i 70	 487 	 342 
i 676	 538 	 786 
i 542	 143 	 616 
i 528	 548 	 134 
i 827	 801 	 845 
i 21	 695 	 720 
i 521	 272 	 343 
i 624	 697 	 827 
i 108	 994 	 782 
i 431	 752 	 382 
i 773	 821 	 580 
i 559	 498 	 67 
i 175	 40 	 604 
i 309	 567 	 747 
i 154	 395 	 295 
i 874	 415 	 97 
i 217	 935 	 791 
i 45	 560 	 64 
i 827	 668 	 760 
i 210	 99 	 754 
i 789	 871 	 507 
i 855	 431 	 328 
i 460	 606 	 826 
i 207	 914 	 865 
i 502	 69 	 432 
i 598	 942 	 827 
i 390	 160 	 243 
i 453	 204 	 179 
i 214	 32 	 738 
i 968	 241 	 406 
i 475	 31 	 505 
i 803	 886 	 377 
i 629	 346 	 807 
i 494	 553 	 413 
i 926	 55 	 328 
i 753	 653 	 396 
i 995	 44 	 338 
i 174	 496 	 498 
i 912	 710 	 702 
i 319	 678 	 733 
i 823	 154 	 974 
i 200	 956 	 5 
i 8	 585 	 891 
i 420	 79 	 237 
i 748	 6 	 790 
i 144	 759 	 844 
i 482	 754 	 498 
i 979	 928 	 541 
i 681	 840 	 38 
i 415	 160 	 747 
i 390	 982 	 426 
i 395	 183 	 579 
i 286	 190 	 535 
i 522	 610 	 121 
i 312	 358 	 200 
i 157	 502 	 205 
i 655	 983 	 963 
i 196	 963 	 718 
i 234	 645 	 647 
i 981	 61 	 488 
i 407	 450 	 647 
i 986	 844 	 630 
i 522	 130 	 812 
i 642	 652 	 3 
i 841	 964 	 613 
i 47	 122 	 970 
i 11	 776 	 473 
i 729	 972 	 456 
i 376	 206 	 420 
i 864	 188 	 65 
i 511	 594 	 125 
i 141	 581 	 575 
i 953	 103 	 419 
i 955	 744 	 549 
i 568	 586 	 201 
i 539	 633 	 166 
i 12	 643 	 287 
i 468	 373 	 64 
i 888	 748 	 37 
i 953	 612 	 243 
i 78	 124 	 430 
i 653	 265 	 25 
i 72	 218 	 605 
i 621	 173 	 707 
i 822	 741 	 452 
i 987	 281 	 38 
i 275	 293 	 670 
i 339	 761 	 314 
i 375	 649 	 686 
i 617	 602 	 435 
i 48	 680 	 48 
i 72	 333 	 172 
i 676	 405 	 436 
i 383	 26 	 653 
i 834	 847 	 826 
i 872	 835 	 568 
i 543	 110 	 848 
i 857	 448 	 141 
i 543	 823 	 901 
i 978	 440 	 551 
i 27	 487 	 153 
i 198	 559 	 833 
i 633	 235 	 166 
i 287	 618 	 570 
i 114	 453 	 596 
i 681	 325 	 443 
i 529	 868 	 278 
i 670	 725 	 387 
i 572	 269 	 835 
i 123	 247 	 658 
i 276	 274 	 99 
i 109	 471 	 586 
i 275	 105 	 145 
i 845	 392 	 380 
i 441	 505 	 998 
i 883	 186 	 451 
i 161	 715 	 776 
i 548	 385 	 644 
i 384	 957 	 370 
i 43	 81 	 638 
i 141	 357 	 885 
i 727	 465 	 159 
i 872	 740 	 630 
i 252	 585 	 734 
i 251	 26 	 126 
i 701	 908 	 631 
i 478	 70 	 816 
i 122	 618 	 531 
i 491	 2 	 916 
i 129	 44 	 874 
i 15	 185 	 954 
i 173	 911 	 311 
i 802	 783 	 776 
i 537	 36 	 516 
i 662	 286 	 101 
i 293	 987 	 126 
i 110	 465 	 35 
i 641	 586 	 104 
i 557	 78 	 721 
i 432	 207 	 722 
i 386	 221 	 766 
i 697	 394 	 950 
i 473	 196 	 861 
i 989	 732 	 645 
i 90	 395 	 680 
i 216	 688 	 966 
i 250	 798 	 953 
i 354	 439 	 418 
i 75	 996 	 5 
i 797	 428 	 83 
i 564	 814 	 289 
i 514	 511 	 510 
i 376	 984 	 903 
i 21	 973 	 100 
i 701	 64 	 832 
i 667	 279 	 227 
i 621	 529 	 915 
i 39	 882 	 713 
i 44	 957 	 153 
i 126	 755 	 149 
i 415	 319 	 577 
i 925	 832 	 391 
i 829	 208 	 901 
i 928	 229 	 886 
i 761	 929 	 859 
i 987	 597 	 922 
i 903	 218 	 202 
i 617	 257 	 730 
i 769	 301 	 613 
i 918	 427 	 571 
i 495	 841 	 326 
i 885	 767 	 645 
i 787	 596 	 478 
i 674	 525 	 686 
i 533	 286 	 914 
i 456	 274 	 844 
i 657	 178 	 441 
i 388	 794 	 659 
i 1	 563 	 915 
i 572	 482 	 217 
i 897	 976 	 643 
i 543	 862 	 485 
i 21	 650 	 252 
i 706	 324 	 848 
i 621	 857 	 374 
i 465	 313 	 659 
i 905	 969 	 933 
i 564	 357 	 111 
i 480	 358 	 904 
i 696	 929 	 468 
i 340	 827 	 949 
i 824	 370 	 926 
i 76	 391 	 788 
i 924	 97 	 439 
i 298	 718 	 762 
i 956	 183 	 619 
i 890	 89 	 932 
i 1	 653 	 901 
i 905	 133 	 259 
i 373	 829 	 617 
i 323	 169 	 547 
i 249	 993 	 374 
i 37	 69 	 744 
i 475	 993 	 135 
i 238	 291 	 232 
i 857	 248 	 949 
i 789	 138 	 133 
i 691	 138 	 221 
i 950	 43 	 873 
i 567	 416 	 7 
i 114	 738 	 836 
i 488	 986 	 6 
i 232	 24 	 998 
i 367	 498 	 68 
i 599	 736 	 61 
i 548	 593 	 351 
i 681	 383 	 599 
i 901	 74 	 736 
i 775	 24 	 874 
i 782	 591 	 917 
i 618	 705 	 333 
i 624	 193 	 72 
i 622	 425 	 59 
i 690	 791 	 82 
i 750	 390 	 580 
i 102	 938 	 316 
i 700	 619 	 909 
i 437	 521 	 292 
i 311	 296 	 366 
i 229	 79 	 390 
i 562	 696 	 980 
i 633	 320 	 685 
i 691	 942 	 878 
i 773	 632 	 304 
i 353	 383 	 95 
i 668	 484 	 485 
i 578	 185 	 424 
i 869	 621 	 44 
i 235	 932 	 564 
i 624	 161 	 860 
i 605	 723 	 938 
i 291	 356 	 635 
i 170	 48 	 955 
i 473	 820 	 897 
i 568	 173 	 530 
i 53	 841 	 912 
i 477	 419 	 397 
i 520	 289 	 581 
i 85	 524 	 203 
i 945	 148 	 136 
i 883	 753 	 296 
i 519	 44 	 20 
i 474	 214 	 376 
i 371	 686 	 423 
i 900	 254 	 244 
i 812	 307 	 417 
i 209	 783 	 258 
i 790	 304 	 677 
i 992	 388 	 966 
i 128	 333 	 490 
i 424	 217 	 638 
i 444	 735 	 391 
i 819	 209 	 435 
i 242	 580 	 648 
i 486	 480 	 334 
i 902	 293 	 588 
i 161	 502 	 894 
i 838	 293 	 678 
i 804	 286 	 981 
i 294	 413 	 369 
i 932	 837 	 702 
i 323	 281 	 918 
i 758	 100 	 654 
i 407	 342 	 862 
i 741	 827 	 443 
i 329	 730 	 922 
i 223	 891 	 216 
i 901	 729 	 718 
i 882	 533 	 11 
i 252	 827 	 296 
i 953	 760 	 709 
i 872	 84 	 547 
i 526	 841 	 828 
i 389	 248 	 928 
i 831	 988 	 270 
i 754	 318 	 98 
i 970	 541 	 828 
i 689	 442 	 719 
i 699	 324 	 448 
i 995	 576 	 981 
i 705	 530 	 809 
i 252	 403 	 569 
i 80	 928 	 652 
i 8	 318 	 494 
i 278	 150 	 742 
i 376	 904 	 731 
i 204	 874 	 49 
i 922	 563 	 589 
i 371	 263 	 31 
i 353	 258 	 355 
i 163	 962 	 931 
i 731	 215 	 461 
i 384	 294 	 863 
i 878	 302 	 792 
i 620	 580 	 111 
i 351	 955 	 260 
i 400	 159 	 164 
i 989	 82 	 39 
i 21	 453 	 602 
i 375	 805 	 865 
i 306	 967 	 124 
i 767	 699 	 87 
i 630	 84 	 301 
i 422	 961 	 595 
i 532	 581 	 897 
i 792	 932 	 477 
i 956	 333 	 432 
i 995	 322 	 590 
i 597	 342 	 672 
i 462	 717 	 125 
i 585	 23 	 929 
i 671	 790 	 897 
i 972	 420 	 596 
i 567	 842 	 679 
i 464	 375 	 641 
i 940	 167 	 222 
i 372	 124 	 155 
i 962	 119 	 487 
i 635	 716 	 808 
i 759	 178 	 150 
i 689	 763 	 866 
i 587	 435 	 889 
i 184	 407 	 680 
i 863	 973 	 100 
i 504	 438 	 942 
i 726	 379 	 317 
i 880	 751 	 484 
i 368	 714 	 608 
i 177	 349 	 726 
i 327	 109 	 442 
i 194	 797 	 620 
i 84	 384 	 383 
i 763	 568 	 817 
i 862	 431 	 225 
i 805	 934 	 199 
i 123	 660 	 636 
i 607	 541 	 16 
i 215	 908 	 766 
i 940	 86 	 480 
i 383	 412 	 828 
i 3	 605 	 936 
i 386	 688 	 734 
i 204	 451 	 119 
i 428	 314 	 686 
i 626	 119 	 117 
i 263	 241 	 52 
i 278	 848 	 711 
i 44	 63 	 253 
i 524	 3 	 161 
i 352	 386 	 246 
i 289	 388 	 658 
i 24	 774 	 263 
i 142	 977 	 950 
i 828	 406 	 402 
i 945	 32 	 715 
i 996	 295 	 834 
i 707	 573 	 76 
i 959	 617 	 923 
i 121	 141 	 985 
i 367	 493 	 988 
i 25	 782 	 375 
i 288	 805 	 763 
i 239	 946 	 537 
i 640	 775 	 514 
i 356	 720 	 920 
i 190	 716 	 951 
i 266	 424 	 247 
i 190	 384 	 819 
i 176	 505 	 436 
i 164	 871 	 577 
i 539	 896 	 70 
i 302	 184 	 851 
i 838	 422 	 656 
i 353	 63 	 603 
i 273	 418 	 378 
i 225	 608 	 99 
i 471	 873 	 814 
i 291	 64 	 239 
i 727	 239 	 622 
i 304	 402 	 127 
i 373	 940 	 998 
i 225	 243 	 894 
i 880	 81 	 79 
i 484	 433 	 500 
i 862	 706 	 562 
i 960	 930 	 980 
i 775	 402 	 588 
i 14	 693 	 462 
i 636	 420 	 525 
i 763	 723 	 763 
i 761	 97 	 166 
i 655	 321 	 107 
i 733	 202 	 349 
i 234	 685 	 429 
i 796	 548 	 862 
i 776	 509 	 569 
i 364	 284 	 499 
i 826	 298 	 901 
i 351	 934 	 594 
i 115	 697 	 14 
i 280	 458 	 737 
i 387	 114 	 833 
i 735	 847 	 154 
i 165	 81 	 356 
i 28	 876 	 41 
i 596	 652 	 589 
i 96	 17 	 98 
i 996	 842 	 381 
i 590	 194 	 679 
i 604	 308 	 613 
i 341	 588 	 311 
i 175	 974 	 768 
i 329	 709 	 882 
i 684	 874 	 729 
i 725	 901 	 809 
i 314	 497 	 686 
i 411	 592 	 339 
i 792	 589 	 356 
i 471	 180 	 199 
i 85	 783 	 392 
i 395	 125 	 700 
i 164	 299 	 288 
i 46	 627 	 263 
i 774	 311 	 971 
i 584	 36 	 846 
i 270	 350 	 747 
i 608	 760 	 245 
i 964	 552 	 837 
i 163	 24 	 426 
i 555	 108 	 606 
i 255	 503 	 389 
i 543	 666 	 514 
i 805	 711 	 812 
i 777	 486 	 440 
i 623	 70 	 751 
i 371	 339 	 787 
i 615	 947 	 137 
i 453	 911 	 896 
i 879	 75 	 449 
i 485	 629 	 472 
i 874	 883 	 579 
i 388	 427 	 83 
i 201	 232 	 748 
i 640	 10 	 460 
i 391	 632 	 945 
i 178	 4 	 15 
i 314	 619 	 354 
i 211	 72 	 302 
i 659	 950 	 214 
i 131	 436 	 288 
i 710	 311 	 916 
i 792	 698 	 800 
i 541	 899 	 227 
i 1	 539 	 458 
i 946	 930 	 468 
i 960	 109 	 100 
c
c
W 177680
c end of file