c Instance Type h
c
n 700
c w	 v1	 v2
i 545	 634 	 705 
i 230	 272 	 374 
i 283	 622 	 50 
i 103	 960 	 325 
i 257	 84 	 785 
i 272	 716 	 170 
i 920	 685 	 438 
i 150	 608 	 779 
i 976	 488 	 977 
i 846	 429 	 588 
i 552	 974 	 377 
i 925	 204 	 11 
i 974	 486 	 283 
i 300	 589 	 904 
i 86	 845 	 865 
i 256	 117 	 948 
i 693	 38 	 665 
i 472	 187 	 350 
i 450	 164 	 958 
i 38	 11 	 447 
i 414	 562 	 875 
i 425	 488 	 850 
i 708	 463 	 54 
i 613	 762 	 540 
i 478	 848 	 129 
i 427	 104 	 974 
i 92	 796 	 92 
i 442	 269 	 129 
i 401	 718 	 316 
i 847	 756 	 479 
i 723	 170 	 490 
i 573	 595 	 53 
i 627	 303 	 540 
i 167	 915 	 4 
i 295	 394 	 766 
i 269	 820 	 614 
i 361	 912 	 717 
i 489	 355 	 514 
i 805	 755 	 782 
i 285	 602 	 500 
i 774	 326 	 257 
i 826	 898 	 427 
i 367	 526 	 22 
i 370	 692 	 325 
i 136	 986 	 241 
i 749	 256 	 634 
i 467	 616 	 455 
i 980	 106 	 367 
i 762	 910 	 721 
i 263	 195 	 476 
i 519	 968 	 79 
i 945	 794 	 404 
i 967	 162 	 303 
i 292	 531 	 828 
i 532	 666 	 520 
i 167	 416 	 507 
i 621	 882 	 763 
i 987	 862 	 380 
i 709	 625 	 485 
i 186	 887 	 396 
i 265	 407 	 590 
i 668	 352 	 559 
i 971	 320 	 354 
i 799	 611 	 515 
i 320	 144 	 46 
i 827	 310 	 712 
i 591	 930 	 128 
i 970	 918 	 11 
i 456	 628 	 872 
i 851	 813 	 498 
i 442	 78 	 385 
i 1	 746 	 791 
i 355	 717 	 144 
i 869	 517 	 463 
i 915	 837 	 75 
i 627	 664 	 219 
i 755	 256 	 528 
i 766	 226 	 459 
i 638	 682 	 378 
i 137	 533 	 6 
i 521	 975 	 818 
i 313	 975 	 895 
i 457	 331 	 642 
i 920	 200 	 359 
i 994	 116 	 875 
i 214	 743 	 712 
i 741	 499 	 377 
i 201	 265 	 632 
i 578	 903 	 858 
i 583	 40 	 540 
i 401	 560 	 74 
i 297	 873 	 49 
i 938	 330 	 25 
i 298	 250 	 355 
i 174	 245 	 555 
i 885	 458 	 670 
i 263	 200 	 413 
i 895	 400 	 911 
i 753	 978 	 176 
i 293	 561 	 80 
i 366	 962 	 119 
i 415	 259 	 679 
i 439	 198 	 552 
i 793	 496 	 882 
i 348	 669 	 133 
i 19	 555 	 377 
i 432	 817 	 835 
i 344	 712 	 35 
i 520	 466 	 435 
i 599	 759 	 413 
i 717	 126 	 974 
i 396	 540 	 936 
i 947	 978 	 196 
i 830	 771 	 394 
i 962	 120 	 889 
i 339	 138 	 558 
i 175	 569 	 113 
i 210	 913 	 930 
i 644	 433 	 643 
i 58	 32 	 109 
i 32	 748 	 868 
i 968	 145 	 993 
i 164	 93 	 533 
i 557	 922 	 511 
i 447	 884 	 283 
i 5	 224 	 402 
i 118	 398 	 540 
i 48	 607 	 110 
i 691	 252 	 23 
i 800	 309 	 455 
i 668	 341 	 487 
i 661	 309 	 235 
i 195	 473 	 380 
i 706	 31 	 472 
i 988	 477 	 394 
i 391	 482 	 278 
i 931	 599 	 501 
i 41	 647 	 899 
i 63	 338 	 506 
i 518	 138 	 758 
i 5	 806 	 68 
i 240	 468 	 408 
i 619	 662 	 717 
i 91	 369 	 191 
i 485	 358 	 221 
i 762	 748 	 697 
i 264	 679 	 179 
i 164	 720 	 778 
i 670	 782 	 425 
i 428	 301 	 762 
i 495	 305 	 900 
i 903	 544 	 706 
i 620	 164 	 175 
i 810	 254 	 837 
i 32	 738 	 206 
i 728	 501 	 563 
i 907	 765 	 311 
i 685	 929 	 990 
i 111	 599 	 710 
i 872	 27 	 493 
i 773	 522 	 793 
i 480	 425 	 98 
i 654	 46 	 642 
i 491	 855 	 805 
i 697	 887 	 60 
i 260	 616 	 798 
i 571	 523 	 300 
i 561	 209 	 66 
i 272	 319 	 994 
i 765	 192 	 593 
i 558	 965 	 620 
i 656	 445 	 143 
i 299	 100 	 567 
i 105	 590 	 612 
i 164	 288 	 468 
i 962	 547 	 355 
i 262	 118 	 970 
i 327	 679 	 494 
i 322	 951 	 703 
i 915	 716 	 22 
i 535	 275 	 214 
i 677	 931 	 179 
i 245	 230 	 624 
i 857	 335 	 723 
i 325	 498 	 314 
i 680	 460 	 601 
i 651	 722 	 148 
i 146	 49 	 266 
i 848	 371 	 945 
i 870	 286 	 896 
i 84	 820 	 613 
i 263	 498 	 887 
i 886	 743 	 819 
i 610	 600 	 50 
i 923	 925 	 384 
i 525	 606 	 882 
i 673	 258 	 342 
i 938	 403 	 65 
i 883	 251 	 114 
i 779	 122 	 484 
i 393	 206 	 769 
i 280	 468 	 590 
i 99	 355 	 89 
i 149	 964 	 831 
i 532	 888 	 432 
i 414	 413 	 357 
i 756	 87 	 963 
i 820	 25 	 221 
i 933	 908 	 623 
i 417	 688 	 874 
i 187	 81 	 995 
i 776	 361 	 201 
i 864	 460 	 669 
i 695	 608 	 24 
i 127	 140 	 988 
i 484	 553 	 877 
i 448	 310 	 291 
i 668	 130 	 377 
i 292	 64 	 401 
i 166	 481 	 310 
i 162	 667 	 997 
i 362	 443 	 78 
i 32	 307 	 438 
i 56	 3 	 897 
i 44	 130 	 505 
i 921	 614 	 645 
i 212	 62 	 198 
i 589	 730 	 507 
i 989	 22 	 637 
i 300	 188 	 700 
i 297	 349 	 181 
i 374	 711 	 847 
i 812	 742 	 291 
i 709	 797 	 597 
i 215	 841 	 599 
i 859	 763 	 729 
i 57	 974 	 343 
i 564	 563 	 404 
i 202	 553 	 135 
i 901	 852 	 156 
i 83	 150 	 343 
i 930	 523 	 692 
i 221	 335 	 403 
i 817	 45 	 146 
i 417	 259 	 943 
i 146	 119 	 785 
i 489	 176 	 548 
i 893	 739 	 523 
i 28	 940 	 87 
i 183	 842 	 639 
i 526	 924 	 492 
i 218	 854 	 641 
i 621	 76 	 165 
i 767	 892 	 500 
i 710	 310 	 545 
i 495	 456 	 804 
i 44	 944 	 922 
i 566	 838 	 98 
i 652	 865 	 837 
i 292	 49 	 778 
i 784	 574 	 620 
i 426	 792 	 545 
i 591	 414 	 400 
i 91	 181 	 475 
i 635	 891 	 368 
i 439	 387 	 677 
i 361	 430 	 134 
i 459	 996 	 78 
i 296	 649 	 915 
i 74	 941 	 781 
i 694	 725 	 829 
i 239	 152 	 404 
i 639	 742 	 197 
i 114	 832 	 610 
i 482	 468 	 791 
i 159	 907 	 682 
i 292	 269 	 69 
i 370	 727 	 498 
i 286	 23 	 495 
i 68	 97 	 144 
i 896	 790 	 85 
i 301	 30 	 810 
i 498	 668 	 961 
i 109	 782 	 703 
i 899	 264 	 535 
i 581	 423 	 4 
i 649	 715 	 910 
i 148	 86 	 179 
i 642	 371 	 906 
i 786	 438 	 929 
i 870	 335 	 26 
i 681	 636 	 816 
i 642	 134 	 845 
i 345	 242 	 514 
i 880	 142 	 297 
i 883	 722 	 561 
i 794	 372 	 983 
i 973	 520 	 699 
i 879	 163 	 784 
i 808	 948 	 156 
i 834	 819 	 594 
i 650	 500 	 929 
i 496	 142 	 566 
i 10	 486 	 699 
i 306	 367 	 941 
i 866	 251 	 83 
i 850	 45 	 805 
i 550	 19 	 177 
i 335	 897 	 697 
i 491	 706 	 859 
i 86	 540 	 807 
i 15	 191 	 626 
i 580	 686 	 126 
i 280	 695 	 267 
i 221	 2 	 753 
i 304	 868 	 121 
i 109	 719 	 371 
i 286	 269 	 416 
i 982	 603 	 434 
i 841	 95 	 332 
i 649	 180 	 38 
i 275	 194 	 578 
i 401	 774 	 768 
i 668	 55 	 455 
i 421	 276 	 151 
i 542	 579 	 152 
i 912	 688 	 21 
i 329	 974 	 739 
i 763	 957 	 9 
i 95	 798 	 612 
i 133	 448 	 706 
i 710	 722 	 885 
i 479	 123 	 80 
i 933	 791 	 854 
i 84	 212 	 908 
i 236	 754 	 184 
i 256	 667 	 763 
i 994	 995 	 451 
i 3	 758 	 425 
i 614	 853 	 382 
i 321	 985 	 181 
i 206	 696 	 628 
i 286	 175 	 351 
i 140	 109 	 474 
i 48	 192 	 265 
i 232	 428 	 477 
i 994	 683 	 232 
i 446	 678 	 898 
i 870	 681 	 894 
i 253	 296 	 652 
i 434	 616 	 506 
i 63	 822 	 491 
i 414	 108 	 187 
i 888	 248 	 362 
i 154	 296 	 470 
i 630	 527 	 662 
i 861	 522 	 90 
i 760	 967 	 773 
i 654	 837 	 451 
i 307	 91 	 133 
i 812	 525 	 428 
i 304	 587 	 45 
i 491	 2 	 866 
i 853	 889 	 974 
i 323	 43 	 222 
i 985	 673 	 518 
i 75	 535 	 45 
i 847	 295 	 566 
i 299	 949 	 533 
i 431	 256 	 371 
i 859	 69 	 462 
i 903	 372 	 986 
i 770	 863 	 574 
i 745	 716 	 576 
i 967	 39 	 465 
i 485	 24 	 508 
i 530	 99 	 182 
i 97	 946 	 716 
i 629	 246 	 12 
i 1	 677 	 960 
i 463	 536 	 216 
i 449	 440 	 285 
i 24	 211 	 656 
i 599	 955 	 519 
i 65	 922 	 235 
i 573	 407 	 274 
i 754	 937 	 298 
i 470	 34 	 397 
i 481	 663 	 344 
i 442	 663 	 589 
i 658	 127 	 266 
i 942	 576 	 802 
i 599	 599 	 243 
i 119	 199 	 453 
i 353	 264 	 408 
i 627	 836 	 331 
i 925	 590 	 738 
i 323	 61 	 675 
i 666	 542 	 708 
i 255	 983 	 371 
i 521	 641 	 35 
i 324	 584 	 161 
i 566	 183 	 736 
i 19	 301 	 336 
i 427	 654 	 535 
i 757	 282 	 798 
i 495	 207 	 635 
i 171	 530 	 225 
i 878	 196 	 285 
i 250	 451 	 826 
i 285	 972 	 810 
i 446	 296 	 451 
i 183	 861 	 36 
i 518	 880 	 218 
i 54	 307 	 519 
i 852	 65 	 173 
i 487	 560 	 455 
i 711	 730 	 662 
i 996	 609 	 192 
i 823	 858 	 387 
i 633	 143 	 838 
i 84	 589 	 810 
i 120	 771 	 106 
i 338	 290 	 966 
i 856	 343 	 847 
i 30	 195 	 154 
i 484	 682 	 219 
i 146	 394 	 778 
i 337	 390 	 508 
i 724	 213 	 117 
i 562	 845 	 975 
i 372	 929 	 119 
i 477	 50 	 707 
i 444	 387 	 478 
i 291	 243 	 768 
i 445	 272 	 111 
i 664	 756 	 306 
i 442	 901 	 988 
i 950	 239 	 382 
i 68	 962 	 772 
i 43	 525 	 985 
i 162	 896 	 830 
i 868	 374 	 760 
i 347	 818 	 809 
i 115	 110 	 196 
i 226	 554 	 439 
i 532	 218 	 710 
i 520	 660 	 467 
i 902	 610 	 368 
i 674	 677 	 606 
i 659	 720 	 569 
i 490	 881 	 94 
i 251	 750 	 990 
i 60	 98 	 364 
i 256	 213 	 182 
i 694	 438 	 291 
i 405	 970 	 845 
i 872	 491 	 64 
i 240	 393 	 723 
i 846	 68 	 334 
i 415	 726 	 11 
i 509	 217 	 731 
i 499	 467 	 612 
i 862	 526 	 362 
i 45	 782 	 460 
i 336	 477 	 672 
i 182	 882 	 111 
i 245	 754 	 81 
i 968	 994 	 571 
i 302	 840 	 964 
i 313	 256 	 32 
i 45	 764 	 758 
i 656	 264 	 974 
i 19	 127 	 441 
i 478	 172 	 967 
i 151	 507 	 750 
i 261	 688 	 227 
i 341	 933 	 110 
i 912	 901 	 864 
i 877	 204 	 858 
i 908	 517 	 698 
i 667	 561 	 954 
i 641	 218 	 719 
i 82	 236 	 982 
i 49	 714 	 110 
i 799	 864 	 281 
i 26	 126 	 787 
i 136	 466 	 476 
i 999	 379 	 409 
i 857	 257 	 311 
i 556	 165 	 515 
i 510	 831 	 33 
i 230	 473 	 593 
i 213	 554 	 811 
i 322	 603 	 48 
i 602	 402 	 761 
i 390	 428 	 626 
i 865	 563 	 751 
i 275	 562 	 218 
i 585	 419 	 597 
i 100	 975 	 853 
i 133	 486 	 19 
i 725	 715 	 850 
i 537	 927 	 323 
i 584	 249 	 877 
i 346	 850 	 481 
i 972	 240 	 883 
i 723	 106 	 312 
i 941	 380 	 874 
i 539	 964 	 437 
i 393	 65 	 856 
i 411	 197 	 831 
i 262	 922 	 317 
i 585	 460 	 32 
i 463	 44 	 959 
i 944	 389 	 208 
i 827	 361 	 59 
i 139	 85 	 299 
i 14	 27 	 404 
i 450	 565 	 784 
i 306	 957 	 748 
i 138	 369 	 813 
i 454	 631 	 11 
i 486	 217 	 933 
i 445	 679 	 393 
i 653	 623 	 436 
i 711	 450 	 825 
i 11	 589 	 187 
i 414	 602 	 271 
i 198	 53 	 298 
i 946	 359 	 863 
i 760	 496 	 821 
i 771	 949 	 191 
i 704	 436 	 821 
i 98	 880 	 38 
i 534	 533 	 716 
i 359	 245 	 340 
i 545	 255 	 790 
i 816	 669 	 379 
i 115	 867 	 981 
i 977	 813 	 35 
i 798	 574 	 393 
i 988	 345 	 888 
i 810	 50 	 838 
i 847	 147 	 274 
i 564	 680 	 155 
i 904	 39 	 688 
i 694	 584 	 932 
i 74	 401 	 188 
i 56	 515 	 856 
i 90	 493 	 723 
i 483	 292 	 537 
i 371	 280 	 111 
i 210	 91 	 456 
i 484	 938 	 505 
i 639	 503 	 651 
i 327	 407 	 332 
i 260	 102 	 370 
i 447	 175 	 954 
i 303	 231 	 356 
i 27	 320 	 871 
i 563	 802 	 364 
i 674	 174 	 655 
i 131	 384 	 935 
i 635	 867 	 27 
i 287	 506 	 964 
i 618	 833 	 467 
i 988	 93 	 874 
i 943	 539 	 975 
i 299	 842 	 151 
i 170	 868 	 381 
i 534	 432 	 701 
i 190	 107 	 503 
i 126	 237 	 677 
i 152	 872 	 61 
i 116	 159 	 927 
i 583	 777 	 434 
i 457	 765 	 267 
i 432	 708 	 360 
i 583	 7 	 898 
i 963	 177 	 740 
i 664	 711 	 609 
i 168	 900 	 41 
i 844	 26 	 147 
i 904	 177 	 383 
i 832	 292 	 255 
i 267	 875 	 414 
i 534	 332 	 191 
i 893	 764 	 956 
i 791	 347 	 664 
i 532	 311 	 671 
i 141	 975 	 848 
i 182	 143 	 559 
i 328	 987 	 459 
i 711	 892 	 485 
i 966	 725 	 661 
i 381	 991 	 953 
i 572	 525 	 828 
i 528	 418 	 161 
i 192	 210 	 924 
i 863	 742 	 272 
i 711	 883 	 583 
i 271	 65 	 558 
i 729	 393 	 701 
i 214	 105 	 689 
i 875	 71 	 581 
i 828	 452 	 306 
i 657	 24 	 298 
i 817	 551 	 822 
i 742	 743 	 241 
i 15	 606 	 451 
i 597	 318 	 193 
i 156	 588 	 76 
i 857	 317 	 140 
i 546	 531 	 533 
i 127	 406 	 637 
i 433	 235 	 708 
i 731	 892 	 160 
i 553	 709 	 183 
i 794	 452 	 734 
i 246	 467 	 477 
i 438	 64 	 83 
i 514	 220 	 400 
i 653	 77 	 988 
i 187	 622 	 306 
i 823	 749 	 836 
i 531	 182 	 243 
i 690	 912 	 478 
i 873	 466 	 370 
i 607	 261 	 80 
i 84	 506 	 532 
i 167	 944 	 998 
i 567	 458 	 63 
i 555	 111 	 282 
i 860	 297 	 358 
i 697	 121 	 979 
i 939	 651 	 728 
i 418	 342 	 910 
i 787	 215 	 823 
i 867	 822 	 290 
i 399	 905 	 550 
i 397	 73 	 57 
i 459	 639 	 1 
i 740	 194 	 458 
i 99	 55 	 569 
i 79	 751 	 866 
i 806	 691 	 986 
i 717	 109 	 638 
i 541	 896 	 979 
i 830	 763 	 195 
i 381	 162 	 17 
i 437	 559 	 922 
i 437	 19 	 994 
i 895	 759 	 633 
i 464	 857 	 827 
i 331	 935 	 881 
i 318	 742 	 633 
i 955	 460 	 324 
i 935	 1 	 432 
i 130	 830 	 328 
i 146	 211 	 91 
i 68	 648 	 253 
i 62	 86 	 812 
i 695	 980 	 830 
i 522	 445 	 589 
i 404	 776 	 447 
i 37	 94 	 383 
i 360	 49 	 126 
i 791	 984 	 585 
i 120	 114 	 586 
i 211	 259 	 416 
i 464	 327 	 627 
i 276	 389 	 276 
i 107	 84 	 361 
i 696	 606 	 342 
i 143	 10 	 786 
i 526	 46 	 563 
i 651	 406 	 656 
i 236	 198 	 705 
i 821	 317 	 689 
i 238	 528 	 802 
i 865	 991 	 62 
i 141	 267 	 389 
i 502	 374 	 777 
i 843	 70 	 860 
i 630	 213 	 466 
i 193	 738 	 476 
i 849	 389 	 522 
i 554	 625 	 927 
i 244	 447 	 125 
i 47	 685 	 442 
i 108	 551 	 969 
i 496	 691 	 960 
i 274	 194 	 228 
i 134	 37 	 602 
i 600	 667 	 671 
i 77	 860 	 883 
i 598	 709 	 622 
i 525	 264 	 12 
i 650	 507 	 637 
c
c
W 172796
c end of file