c Instance Type h
c
n 300
c w	 v1	 v2
i 352	 344 	 437 
i 371	 430 	 26 
i 317	 820 	 479 
i 361	 637 	 870 
i 252	 361 	 630 
i 51	 233 	 184 
i 555	 46 	 538 
i 184	 742 	 361 
i 137	 735 	 634 
i 553	 386 	 64 
i 990	 738 	 626 
i 16	 109 	 970 
i 494	 426 	 401 
i 364	 786 	 221 
i 994	 38 	 857 
i 179	 89 	 219 
i 716	 644 	 452 
i 77	 828 	 497 
i 710	 965 	 239 
i 773	 518 	 974 
i 400	 509 	 360 
i 371	 524 	 98 
i 771	 19 	 207 
i 992	 383 	 632 
i 850	 378 	 419 
i 69	 556 	 456 
i 521	 272 	 545 
i 18	 348 	 189 
i 256	 59 	 17 
i 231	 832 	 982 
i 590	 233 	 501 
i 688	 603 	 10 
i 895	 375 	 534 
i 527	 368 	 552 
i 945	 218 	 934 
i 402	 287 	 312 
i 946	 807 	 867 
i 136	 824 	 139 
i 152	 81 	 487 
i 135	 311 	 545 
i 635	 901 	 377 
i 644	 590 	 610 
i 178	 485 	 213 
i 729	 12 	 588 
i 664	 957 	 955 
i 976	 359 	 173 
i 843	 305 	 460 
i 982	 441 	 267 
i 470	 593 	 92 
i 15	 727 	 172 
i 392	 362 	 483 
i 2	 6 	 384 
i 215	 184 	 974 
i 803	 913 	 459 
i 758	 577 	 471 
i 931	 553 	 428 
i 391	 397 	 786 
i 658	 380 	 92 
i 749	 849 	 532 
i 921	 864 	 125 
i 405	 256 	 851 
i 789	 258 	 214 
i 763	 473 	 219 
i 223	 276 	 403 
i 693	 35 	 316 
i 121	 965 	 893 
i 907	 357 	 446 
i 999	 15 	 843 
i 532	 764 	 223 
i 657	 686 	 72 
i 509	 91 	 935 
i 722	 880 	 192 
i 941	 643 	 450 
i 344	 865 	 923 
i 660	 559 	 199 
i 553	 680 	 233 
i 999	 587 	 199 
i 842	 587 	 555 
i 66	 119 	 570 
i 138	 776 	 334 
i 74	 285 	 21 
i 265	 8 	 111 
i 715	 948 	 991 
i 639	 293 	 634 
i 837	 952 	 500 
i 71	 505 	 59 
i 270	 504 	 738 
i 825	 347 	 326 
i 395	 412 	 913 
i 729	 549 	 32 
i 749	 622 	 808 
i 860	 887 	 93 
i 851	 603 	 100 
i 486	 242 	 49 
i 985	 80 	 341 
i 45	 151 	 294 
i 783	 420 	 799 
i 109	 245 	 303 
i 22	 639 	 650 
i 54	 369 	 62 
i 862	 118 	 611 
i 954	 978 	 233 
i 55	 829 	 121 
i 104	 316 	 723 
i 444	 301 	 964 
i 738	 346 	 44 
i 537	 129 	 194 
i 840	 238 	 614 
i 490	 259 	 858 
i 552	 313 	 498 
i 163	 175 	 866 
i 396	 130 	 984 
i 516	 185 	 962 
i 239	 288 	 791 
i 203	 732 	 107 
i 247	 470 	 408 
i 441	 7 	 753 
i 55	 846 	 882 
i 912	 337 	 120 
i 411	 888 	 379 
i 277	 51 	 692 
i 261	 446 	 866 
i 223	 961 	 996 
i 15	 201 	 181 
i 122	 404 	 468 
i 530	 650 	 201 
i 284	 92 	 670 
i 166	 146 	 676 
i 285	 59 	 523 
i 664	 469 	 859 
i 356	 745 	 748 
i 223	 7 	 798 
i 219	 230 	 245 
i 400	 245 	 207 
i 868	 367 	 407 
i 69	 896 	 810 
i 738	 181 	 461 
i 415	 347 	 552 
i 938	 631 	 698 
i 798	 296 	 756 
i 546	 651 	 225 
i 344	 873 	 970 
i 589	 93 	 977 
i 795	 492 	 207 
i 202	 360 	 452 
i 13	 428 	 818 
i 473	 167 	 715 
i 26	 581 	 895 
i 723	 519 	 243 
i 479	 318 	 873 
i 704	 863 	 170 
i 675	 208 	 820 
i 652	 796 	 694 
i 859	 591 	 786 
i 312	 792 	 278 
i 130	 804 	 638 
i 845	 278 	 66 
i 741	 303 	 232 
i 983	 27 	 813 
i 857	 506 	 333 
i 27	 210 	 650 
i 847	 885 	 513 
i 541	 537 	 720 
i 327	 397 	 516 
i 605	 708 	 108 
i 243	 838 	 900 
i 309	 684 	 704 
i 541	 425 	 982 
i 354	 408 	 286 
i 687	 266 	 312 
i 337	 292 	 818 
i 850	 140 	 29 
i 571	 680 	 913 
i 88	 8 	 451 
i 195	 613 	 847 
i 95	 856 	 556 
i 799	 165 	 395 
i 782	 706 	 79 
i 68	 61 	 504 
i 380	 747 	 912 
i 198	 85 	 178 
i 226	 934 	 470 
i 140	 505 	 609 
i 590	 593 	 290 
i 438	 787 	 298 
i 993	 882 	 910 
i 389	 681 	 766 
i 467	 463 	 931 
i 971	 531 	 637 
i 883	 911 	 697 
i 61	 110 	 444 
i 530	 335 	 529 
i 140	 474 	 463 
i 429	 65 	 968 
i 726	 502 	 561 
i 637	 496 	 349 
i 403	 884 	 231 
i 335	 352 	 911 
i 972	 323 	 375 
i 669	 206 	 906 
i 114	 267 	 817 
i 642	 796 	 926 
i 106	 936 	 262 
i 74	 365 	 736 
i 635	 92 	 800 
i 983	 728 	 302 
i 214	 132 	 798 
i 126	 467 	 683 
i 500	 439 	 35 
i 406	 108 	 358 
i 224	 222 	 564 
i 150	 863 	 830 
i 411	 968 	 627 
i 147	 43 	 563 
i 946	 677 	 928 
i 249	 660 	 20 
i 47	 874 	 748 
i 729	 999 	 880 
i 764	 499 	 347 
i 123	 905 	 785 
i 686	 129 	 893 
i 516	 279 	 115 
i 144	 689 	 978 
i 706	 836 	 947 
i 634	 783 	 989 
i 654	 32 	 666 
i 403	 79 	 327 
i 283	 808 	 201 
i 629	 573 	 200 
i 415	 695 	 699 
i 308	 381 	 605 
i 423	 897 	 734 
i 401	 41 	 13 
i 348	 747 	 702 
i 337	 382 	 538 
i 4	 36 	 321 
i 331	 438 	 353 
i 531	 720 	 432 
i 731	 350 	 241 
i 431	 764 	 813 
i 36	 73 	 509 
i 770	 495 	 890 
i 782	 896 	 787 
i 485	 244 	 828 
i 23	 581 	 576 
i 344	 585 	 957 
i 696	 915 	 992 
i 129	 447 	 431 
i 369	 179 	 152 
i 183	 609 	 502 
i 691	 645 	 267 
i 581	 415 	 339 
i 369	 198 	 834 
i 198	 682 	 730 
i 773	 705 	 973 
i 730	 49 	 555 
i 723	 745 	 140 
i 154	 873 	 55 
i 306	 242 	 502 
i 807	 425 	 680 
i 74	 116 	 289 
i 412	 697 	 933 
i 247	 66 	 349 
i 976	 264 	 546 
i 950	 37 	 229 
i 505	 767 	 933 
i 645	 490 	 981 
i 699	 644 	 727 
i 202	 949 	 600 
i 881	 756 	 842 
i 171	 829 	 267 
i 104	 242 	 383 
i 453	 488 	 80 
i 999	 465 	 146 
i 228	 415 	 409 
i 162	 920 	 446 
i 143	 565 	 213 
i 870	 265 	 703 
i 470	 466 	 347 
i 313	 347 	 296 
i 580	 517 	 53 
i 962	 621 	 881 
i 42	 75 	 124 
i 188	 74 	 611 
i 596	 301 	 77 
i 43	 463 	 491 
i 255	 606 	 411 
i 958	 476 	 976 
i 305	 946 	 241 
i 601	 259 	 706 
i 653	 838 	 54 
i 535	 801 	 571 
i 659	 843 	 192 
i 271	 31 	 266 
i 347	 627 	 340 
i 837	 669 	 641 
i 249	 924 	 104 
i 226	 882 	 709 
i 466	 188 	 185 
i 173	 789 	 131 
c
c
W 71415
c end of file