c Instance Type h
c
n 500
c w	 v1	 v2
i 931	 106 	 530 
i 425	 607 	 352 
i 280	 24 	 345 
i 711	 80 	 890 
i 903	 260 	 22 
i 449	 859 	 740 
i 547	 209 	 281 
i 77	 879 	 410 
i 600	 530 	 527 
i 821	 656 	 449 
i 351	 587 	 627 
i 703	 13 	 732 
i 48	 292 	 340 
i 938	 4 	 363 
i 960	 906 	 443 
i 700	 355 	 703 
i 980	 901 	 562 
i 391	 978 	 771 
i 918	 578 	 650 
i 368	 399 	 180 
i 995	 750 	 836 
i 728	 453 	 423 
i 68	 501 	 436 
i 431	 439 	 727 
i 874	 400 	 730 
i 577	 100 	 637 
i 140	 81 	 991 
i 911	 471 	 892 
i 561	 390 	 871 
i 741	 757 	 449 
i 577	 753 	 848 
i 1	 481 	 599 
i 436	 548 	 52 
i 164	 979 	 553 
i 894	 854 	 992 
i 531	 431 	 392 
i 522	 571 	 491 
i 415	 482 	 571 
i 286	 43 	 43 
i 735	 784 	 433 
i 584	 361 	 191 
i 183	 361 	 943 
i 234	 796 	 424 
i 787	 960 	 972 
i 779	 854 	 952 
i 171	 385 	 806 
i 661	 907 	 238 
i 233	 323 	 808 
i 276	 609 	 291 
i 708	 344 	 334 
i 898	 927 	 118 
i 841	 110 	 478 
i 265	 344 	 838 
i 238	 131 	 635 
i 190	 909 	 595 
i 995	 81 	 449 
i 233	 742 	 834 
i 42	 974 	 742 
i 332	 250 	 65 
i 666	 958 	 673 
i 783	 856 	 17 
i 261	 698 	 944 
i 100	 963 	 54 
i 734	 201 	 398 
i 330	 390 	 528 
i 778	 386 	 438 
i 613	 619 	 518 
i 355	 661 	 260 
i 420	 993 	 235 
i 93	 659 	 484 
i 110	 442 	 442 
i 54	 703 	 299 
i 108	 802 	 996 
i 506	 537 	 959 
i 34	 867 	 160 
i 472	 646 	 550 
i 989	 259 	 936 
i 249	 614 	 556 
i 484	 34 	 217 
i 967	 127 	 210 
i 410	 236 	 869 
i 709	 290 	 311 
i 705	 398 	 15 
i 665	 903 	 817 
i 825	 937 	 354 
i 375	 409 	 222 
i 312	 398 	 867 
i 867	 647 	 127 
i 85	 131 	 740 
i 295	 99 	 773 
i 164	 509 	 899 
i 474	 218 	 136 
i 488	 923 	 425 
i 306	 588 	 823 
i 659	 413 	 726 
i 881	 788 	 663 
i 748	 101 	 73 
i 874	 968 	 470 
i 615	 53 	 118 
i 389	 347 	 249 
i 289	 510 	 348 
i 424	 984 	 856 
i 849	 473 	 75 
i 672	 778 	 997 
i 398	 438 	 586 
i 62	 319 	 999 
i 134	 68 	 787 
i 604	 942 	 888 
i 722	 557 	 856 
i 970	 945 	 908 
i 318	 234 	 256 
i 175	 657 	 766 
i 249	 507 	 750 
i 247	 179 	 224 
i 832	 577 	 3 
i 832	 639 	 440 
i 620	 772 	 759 
i 508	 377 	 827 
i 364	 99 	 769 
i 272	 70 	 326 
i 527	 388 	 271 
i 294	 562 	 504 
i 44	 811 	 162 
i 268	 58 	 668 
i 270	 890 	 847 
i 710	 722 	 424 
i 470	 342 	 64 
i 297	 849 	 836 
i 67	 214 	 213 
i 392	 485 	 312 
i 663	 13 	 381 
i 168	 306 	 769 
i 329	 350 	 331 
i 997	 618 	 142 
i 845	 887 	 200 
i 269	 598 	 90 
i 333	 68 	 812 
i 169	 365 	 154 
i 381	 431 	 4 
i 693	 822 	 217 
i 75	 486 	 702 
i 843	 653 	 715 
i 174	 982 	 22 
i 316	 980 	 371 
i 515	 825 	 989 
i 605	 95 	 876 
i 417	 427 	 474 
i 571	 595 	 542 
i 575	 976 	 906 
i 792	 669 	 338 
i 494	 743 	 161 
i 210	 586 	 646 
i 231	 760 	 300 
i 602	 77 	 282 
i 591	 591 	 262 
i 468	 196 	 87 
i 942	 613 	 182 
i 484	 184 	 608 
i 391	 759 	 203 
i 729	 551 	 179 
i 889	 45 	 847 
i 535	 255 	 591 
i 835	 485 	 178 
i 117	 88 	 938 
i 379	 678 	 15 
i 466	 146 	 606 
i 647	 89 	 802 
i 255	 572 	 415 
i 458	 963 	 599 
i 636	 692 	 358 
i 484	 581 	 909 
i 76	 117 	 954 
i 253	 951 	 209 
i 191	 69 	 693 
i 206	 447 	 780 
i 811	 912 	 459 
i 613	 560 	 605 
i 29	 814 	 693 
i 627	 272 	 266 
i 985	 908 	 229 
i 894	 393 	 921 
i 848	 468 	 503 
i 58	 721 	 619 
i 750	 912 	 571 
i 531	 118 	 640 
i 990	 929 	 88 
i 595	 543 	 1 
i 289	 571 	 560 
i 554	 199 	 375 
i 783	 184 	 646 
i 704	 79 	 555 
i 207	 927 	 948 
i 826	 984 	 416 
i 398	 735 	 138 
i 38	 267 	 51 
i 126	 257 	 168 
i 126	 852 	 98 
i 685	 141 	 640 
i 60	 695 	 211 
i 706	 478 	 409 
i 262	 182 	 593 
i 210	 389 	 672 
i 626	 215 	 599 
i 763	 613 	 583 
i 813	 651 	 319 
i 981	 776 	 585 
i 79	 901 	 841 
i 719	 586 	 693 
i 930	 646 	 834 
i 340	 352 	 529 
i 932	 613 	 8 
i 604	 822 	 190 
i 204	 448 	 578 
i 787	 212 	 793 
i 106	 26 	 406 
i 690	 7 	 57 
i 531	 86 	 833 
i 225	 805 	 734 
i 60	 735 	 321 
i 589	 75 	 966 
i 596	 8 	 319 
i 786	 612 	 932 
i 364	 815 	 754 
i 158	 602 	 203 
i 564	 708 	 415 
i 621	 398 	 440 
i 454	 929 	 447 
i 188	 155 	 532 
i 508	 214 	 337 
i 475	 802 	 72 
i 793	 399 	 147 
i 725	 185 	 154 
i 480	 549 	 765 
i 683	 707 	 581 
i 98	 271 	 183 
i 538	 892 	 891 
i 984	 346 	 289 
i 517	 534 	 219 
i 853	 43 	 373 
i 925	 517 	 587 
i 73	 311 	 390 
i 226	 36 	 788 
i 991	 516 	 973 
i 572	 199 	 523 
i 755	 297 	 230 
i 646	 835 	 501 
i 935	 819 	 393 
i 154	 336 	 739 
i 526	 190 	 273 
i 113	 116 	 315 
i 502	 189 	 832 
i 291	 414 	 143 
i 265	 406 	 179 
i 787	 977 	 694 
i 18	 732 	 893 
i 518	 379 	 191 
i 911	 314 	 26 
i 650	 468 	 845 
i 923	 993 	 181 
i 239	 107 	 371 
i 71	 609 	 487 
i 214	 900 	 675 
i 392	 165 	 90 
i 87	 951 	 495 
i 979	 968 	 473 
i 171	 487 	 206 
i 196	 399 	 584 
i 41	 50 	 898 
i 222	 972 	 366 
i 593	 212 	 360 
i 81	 282 	 467 
i 756	 496 	 76 
i 845	 887 	 975 
i 341	 974 	 140 
i 814	 953 	 92 
i 20	 124 	 61 
i 604	 320 	 548 
i 502	 361 	 946 
i 868	 582 	 995 
i 228	 176 	 968 
i 694	 256 	 180 
i 770	 12 	 462 
i 746	 857 	 957 
i 885	 198 	 845 
i 977	 12 	 819 
i 38	 32 	 773 
i 585	 635 	 897 
i 531	 137 	 217 
i 527	 6 	 577 
i 495	 233 	 160 
i 674	 927 	 335 
i 137	 697 	 591 
i 94	 443 	 602 
i 939	 329 	 459 
i 758	 306 	 657 
i 532	 344 	 669 
i 429	 929 	 700 
i 646	 461 	 336 
i 224	 987 	 472 
i 384	 483 	 478 
i 719	 158 	 710 
i 310	 294 	 638 
i 911	 388 	 336 
i 371	 327 	 778 
i 28	 86 	 108 
i 697	 617 	 414 
i 397	 47 	 757 
i 732	 693 	 687 
i 205	 917 	 148 
i 683	 301 	 136 
i 393	 20 	 618 
i 32	 330 	 775 
i 367	 241 	 69 
i 146	 612 	 456 
i 253	 640 	 783 
i 666	 337 	 868 
i 424	 734 	 486 
i 112	 467 	 533 
i 259	 672 	 226 
i 394	 355 	 144 
i 12	 748 	 444 
i 787	 779 	 464 
i 855	 146 	 794 
i 312	 291 	 36 
i 95	 544 	 647 
i 963	 211 	 287 
i 449	 635 	 624 
i 981	 746 	 358 
i 208	 6 	 825 
i 351	 400 	 497 
i 795	 411 	 852 
i 259	 199 	 600 
i 53	 55 	 380 
i 88	 366 	 526 
i 735	 461 	 817 
i 23	 424 	 361 
i 646	 872 	 572 
i 5	 854 	 207 
i 829	 62 	 953 
i 327	 412 	 958 
i 179	 207 	 358 
i 779	 466 	 769 
i 159	 519 	 967 
i 684	 607 	 22 
i 501	 343 	 388 
i 862	 365 	 848 
i 434	 11 	 272 
i 641	 16 	 145 
i 594	 844 	 998 
i 553	 172 	 60 
i 910	 351 	 472 
i 680	 130 	 679 
i 647	 289 	 146 
i 669	 973 	 664 
i 57	 475 	 272 
i 905	 337 	 614 
i 178	 771 	 978 
i 322	 413 	 989 
i 321	 7 	 5 
i 381	 559 	 849 
i 852	 470 	 21 
i 532	 150 	 371 
i 677	 797 	 501 
i 342	 467 	 789 
i 613	 523 	 763 
i 228	 429 	 238 
i 207	 606 	 575 
i 196	 928 	 347 
i 201	 249 	 759 
i 50	 629 	 765 
i 71	 482 	 325 
i 441	 14 	 794 
i 942	 691 	 944 
i 732	 33 	 741 
i 495	 646 	 209 
i 732	 873 	 732 
i 308	 80 	 161 
i 654	 276 	 767 
i 413	 476 	 695 
i 178	 526 	 943 
i 503	 596 	 573 
i 298	 38 	 55 
i 242	 980 	 69 
i 983	 712 	 759 
i 192	 207 	 792 
i 923	 939 	 438 
i 85	 247 	 312 
i 851	 900 	 391 
i 546	 313 	 667 
i 489	 491 	 144 
i 63	 993 	 670 
i 118	 291 	 266 
i 186	 533 	 304 
i 945	 516 	 284 
i 737	 708 	 995 
i 176	 632 	 203 
i 487	 716 	 142 
i 878	 567 	 388 
i 545	 113 	 289 
i 689	 602 	 601 
i 359	 664 	 92 
i 625	 781 	 86 
i 928	 967 	 377 
i 213	 912 	 909 
i 209	 650 	 426 
i 411	 825 	 134 
i 553	 313 	 765 
i 940	 191 	 482 
i 229	 735 	 49 
i 830	 424 	 162 
i 922	 782 	 763 
i 8	 408 	 428 
i 384	 336 	 210 
i 293	 549 	 178 
i 718	 757 	 91 
i 852	 169 	 740 
i 618	 721 	 566 
i 100	 662 	 878 
i 148	 890 	 69 
i 309	 721 	 804 
i 73	 643 	 228 
i 501	 650 	 11 
i 710	 35 	 418 
i 887	 327 	 754 
i 978	 46 	 304 
i 718	 898 	 61 
i 285	 516 	 230 
i 163	 616 	 950 
i 232	 763 	 612 
i 36	 73 	 503 
i 264	 146 	 224 
i 275	 646 	 866 
i 693	 357 	 517 
i 448	 245 	 551 
i 751	 223 	 878 
i 812	 941 	 924 
i 42	 226 	 822 
i 991	 389 	 339 
i 604	 621 	 954 
i 107	 657 	 718 
i 330	 921 	 790 
i 197	 197 	 936 
i 713	 889 	 583 
i 264	 338 	 940 
i 142	 89 	 185 
i 67	 901 	 408 
i 888	 942 	 350 
i 227	 934 	 576 
i 182	 538 	 965 
i 899	 645 	 586 
i 690	 975 	 244 
i 626	 172 	 165 
i 209	 884 	 361 
i 149	 149 	 251 
i 334	 291 	 588 
i 742	 357 	 677 
i 92	 246 	 578 
i 667	 473 	 520 
i 632	 654 	 455 
i 219	 553 	 993 
i 462	 243 	 638 
i 626	 869 	 613 
i 987	 78 	 784 
i 238	 227 	 669 
i 826	 560 	 817 
i 503	 302 	 108 
i 81	 394 	 465 
i 601	 61 	 710 
i 56	 693 	 183 
i 49	 911 	 836 
i 687	 373 	 390 
i 300	 999 	 633 
i 85	 987 	 502 
i 753	 225 	 580 
i 570	 52 	 806 
i 678	 554 	 367 
i 143	 634 	 669 
i 852	 235 	 63 
i 35	 291 	 124 
i 871	 340 	 816 
i 261	 27 	 728 
i 894	 326 	 102 
i 396	 410 	 101 
i 975	 163 	 89 
i 782	 733 	 314 
i 150	 412 	 365 
i 818	 554 	 918 
i 881	 407 	 553 
i 5	 442 	 788 
i 821	 314 	 79 
i 549	 574 	 418 
i 650	 468 	 444 
i 751	 864 	 770 
i 839	 840 	 180 
i 154	 622 	 343 
i 518	 771 	 77 
i 436	 589 	 488 
i 988	 471 	 43 
i 777	 476 	 450 
i 855	 297 	 891 
c
c
W 122584
c end of file